J=234.745;
P=16;
L=0.335;
K=13.08;
R=1.2;